38484052
38643856
38645856
38492304
38477940
38475804
38481933
38668319
38047821
38406274
38662154
38633611
38471815
38481970
38418467
38420624
38033543
38488219
38428713
38478001
38653995
38639629
38656203
38473750
38031421
38486121
38475921
38420555
38477931
38670399
38465638
38459545
38488084
38043762
38654160
38496347
38471728
38635617
38047772
38666322
38482007
38408319
38656007
38639621
38414389
38662160
38047838
38486075
38035505
38422594
38627333
38627492
38404099
38471822
38477948
38635599
38656039
38666280
38629539
38430831
38424601
38656038
38486177
38418499
38473824
38418449
38461508
38482085
38465736
38424633
38637652
38422606
38672386
38019119
38666392
38037596
38459593
38414433
38670358
38664329
38666317
38467699
38424657
38047872
38412375
38486165
38469810
38666287
38410371
38473751
38404126
38029322
38031361
38406261
38424662
38039689
38021195
38647968
38402092
38471744
38031500
38408238
38408287
38641857
38420564
38635706
38670465
38645927
38473743
38473766
38674506
38418533
38473726
38426677
38047861
38645865
38037574
38019202
38408313
38643843
38656135
38412297
38035516
38424689
38418501
38635695
38420531
38404131
38475884
38420554
38029320
38627429
38428736
38475926
38666340
38410281
38467647
38639698